Seasons,Team,W,L,W/L%,Finish,SRS,Pace,Rel_Pace,ORtg,Rel_ORtg,DRtg,Rel_DRtg,Serises Win Ratio
1993-94,LAC,27,55,0.329,7,-5.28,99.6,4.5,102.9,-3.4,108.6,2.3,0.4
1993-94,LAL,33,49,0.402,5,-3.93,95.5,0.4,104.8,-1.5,109.3,3,0.6
1994-95,LAC,17,65,0.207,7,-8.43,94.3,1.4,101.5,-6.8,111.1,2.8,0.4
1994-95,LAL,48,34,0.585,3,-0.01,95.2,2.3,109.1,0.8,109.4,1.1,0.6
1995-96,LAC,29,53,0.354,7,-3.46,93.2,1.4,106.5,-1.1,110.3,2.7,0
1995-96,LAL,53,29,0.646,2,4.21,92.4,0.6,111.4,3.8,106.6,-1,1
1996-97,LAC,36,46,0.439,5,-2.66,91.3,1.2,105.1,-1.6,107.6,0.9,0.5
1996-97,LAL,56,26,0.683,2,3.66,91.1,1,108.3,1.6,103.7,-3,0.5
1997-98,LAC,17,65,0.207,7,-7.53,92.4,2.1,103.3,-1.7,111.2,6.2,0
1997-98,LAL,61,21,0.744,2,6.88,93.6,3.3,111.9,6.9,103.7,-1.3,1
1998-99,LAC,9,41,0.18,7,-8.94,89.5,0.6,100,-2.2,109.7,7.5,0
1998-99,LAL,31,19,0.62,2,2.68,91.6,2.7,107.6,5.4,104.3,2.1,1
1999-00,LAC,15,67,0.183,7,-10.73,93.9,0.8,97.8,-6.3,110.1,6,0
1999-00,LAL,67,15,0.817,1,8.41,93.3,0.2,107.3,3.2,98.2,-5.9,1
2000-01,LAC,31,51,0.378,6,-2.23,89.6,-1.7,101.3,-1.7,104.5,1.5,0.25
2000-01,LAL,56,26,0.683,1,3.74,91.7,0.4,108.4,5.4,104.8,1.8,0.75
2001-02,LAC,39,43,0.476,5,-0.09,90.1,-0.6,105.5,1,106,1.5,0.25
2001-02,LAL,58,24,0.707,2,7.15,92.1,1.4,109.4,4.9,101.7,-2.8,0.75
2002-03,LAC,27,55,0.329,7,-3.45,91.3,0.3,102.3,-1.3,106.8,3.2,0
2002-03,LAL,50,32,0.61,2,2.71,92.5,1.5,107.2,3.6,104.7,1.1,1
2003-04,LAC,28,54,0.341,7,-3.74,91,0.9,103.5,0.6,108.5,5.6,0.25
2003-04,LAL,56,26,0.683,1,4.35,92.3,2.2,105.5,2.6,101.3,-1.6,0.75
2004-05,LAC,37,45,0.451,3,-0.47,89.1,-1.8,105.5,-0.6,106.4,0.3,0.5
2004-05,LAL,34,48,0.415,4,-2.32,90.8,-0.1,108.1,2,111.4,5.3,0.5
2005-06,LAC,47,35,0.573,2,1.75,91.7,1.2,105.3,-0.9,103.6,-2.6,0.5
2005-06,LAL,45,37,0.549,3,2.53,90.9,0.4,108.4,2.2,105.7,-0.5,0.5
2006-07,LAC,40,42,0.488,4,-0.07,90.8,-1.1,105.1,-1.4,105.6,-0.9,0.5
2006-07,LAL,42,40,0.512,2,0.24,93.5,1.6,108.6,2.1,108.6,2.1,0.5
2007-08,LAC,23,59,0.28,5,-6.56,92.1,-0.3,101.2,-6.3,109.1,1.6,0
2007-08,LAL,57,25,0.695,1,7.34,95.6,3.2,113,5.5,105.5,-2,1
2008-09,LAC,19,63,0.232,4,-8.47,92.1,0.4,102.3,-6,111.7,3.4,0
2008-09,LAL,65,17,0.793,1,7.11,94.3,2.6,112.8,4.5,104.7,-3.6,1
2009-10,LAC,29,53,0.354,3,-6.01,92.6,-0.1,103.3,-4.3,110.1,2.5,0.5
2009-10,LAL,57,25,0.695,1,4.78,92.8,0.1,108.8,1.2,103.7,-3.9,0.5
2010-11,LAC,32,50,0.39,4,-2.71,92.8,0.7,105.3,-2,108.7,1.4,0.25
2010-11,LAL,57,25,0.695,1,6.01,90.7,-1.4,111,3.7,104.3,-3,0.75
2011-12,LAC,40,26,0.606,2,2.82,89.2,-2.1,108.5,3.9,105.7,1.1,0.33
2011-12,LAL,41,25,0.621,1,1.96,90.5,-0.8,106,1.4,104.4,-0.2,0.67
2012-13,LAC,56,26,0.683,1,6.43,91.1,-0.9,110.6,4.7,103.6,-2.3,1
2012-13,LAL,45,37,0.549,3,1.48,94.4,2.4,107.8,1.9,106.6,0.7,0
2013-14,LAC,57,25,0.695,1,7.27,95.9,2,112.1,5.4,104.8,-1.9,0.75
2013-14,LAL,27,55,0.329,5,-5.33,98.7,4.8,104.2,-2.5,110.6,3.9,0.25
